-0.5607218,0.06226063,-0.8256601,0
-0.07149701,0.9898039,0.1231932,0
0.8249117,0.1281094,-0.5505531,0
0,0,0,1
